1 0.5555555555555556 0.5 0.2222222222222222 0.3 0.3 0.5555555555555556 0.7777777777777778 0.7777777777777778 0.3333333333333333 0.2222222222222222 0.2 0.3333333333333333 0.2222222222222222 0.2222222222222222 0.1111111111111111 0.2222222222222222 0.3333333333333333 0.5555555555555556 0.2222222222222222 0.4444444444444444 0.3333333333333333 0.4444444444444444 0.3333333333333333 
0.5555555555555556 1 0.5 0.7777777777777778 0.5 0.5 0.3333333333333333 0.7777777777777778 0.7777777777777778 0.5555555555555556 0.7777777777777778 0.7 0.6666666666666666 0.5555555555555556 0.7777777777777778 0.5555555555555556 0.5555555555555556 0.6666666666666666 0.5555555555555556 0.3333333333333333 0.7777777777777778 0.5555555555555556 0.5555555555555556 0.5555555555555556 
0.4444444444444444 0.5555555555555556 1 0.5 0.8 0.5 0.7 0.4 0.7 0.7 0.5 0.8 0.5 0.5 0.5 0.5 0.5 0.5 0.7 0.5 0.7 0.5 0.7 0.5 
0.2222222222222222 0.7777777777777778 0.5555555555555556 1 0.5 0.5 0.3333333333333333 0.5555555555555556 0.5555555555555556 0.5555555555555556 0.7777777777777778 0.7 0.7777777777777778 0.5555555555555556 0.7777777777777778 0.7777777777777778 0.5555555555555556 0.5555555555555556 0.5555555555555556 0.3333333333333333 0.7777777777777778 0.5555555555555556 0.5555555555555556 0.5555555555555556 
0.2222222222222222 0.5555555555555556 0.8 0.5555555555555556 1 0.7 0.7 0.5 0.5 0.5 0.5 0.7 0.4 0.7 0.5 0.6 0.7 0.4 0.4 0.7 0.5 0.5 0.7 0.7 
0.2222222222222222 0.4444444444444444 0.5 0.5555555555555556 0.7 1 0.5 0.4 0.4 0.5 0.7 0.7 0.7 0.7 0.7 0.7 0.7 0.7 0.7 0.7 0.5 0.7 0.7 0.7 
0.5555555555555556 0.3333333333333333 0.7777777777777778 0.3333333333333333 0.7777777777777778 0.5555555555555556 1 0.3333333333333333 0.5555555555555556 0.5555555555555556 0.3333333333333333 0.5 0.3333333333333333 0.5555555555555556 0.3333333333333333 0.3333333333333333 0.7777777777777778 0.3333333333333333 0.5555555555555556 0.5555555555555556 0.5555555555555556 0.3333333333333333 0.7777777777777778 0.5555555555555556 
0.7777777777777778 0.7777777777777778 0.4444444444444444 0.5555555555555556 0.5555555555555556 0.5555555555555556 0.3333333333333333 1 0.6666666666666666 0.6666666666666666 0.5555555555555556 0.5 0.5555555555555556 0.5555555555555556 0.5555555555555556 0.3333333333333333 0.5555555555555556 0.5555555555555556 0.6666666666666666 0.5555555555555556 0.4444444444444444 0.5555555555555556 0.4444444444444444 0.5555555555555556 
0.7777777777777778 0.7777777777777778 0.7777777777777778 0.5555555555555556 0.5555555555555556 0.5555555555555556 0.5555555555555556 0.6666666666666666 1 0.7777777777777778 0.5555555555555556 0.5 0.5555555555555556 0.5555555555555556 0.5555555555555556 0.3333333333333333 0.5555555555555556 0.5555555555555556 0.7777777777777778 0.5555555555555556 0.7777777777777778 0.5555555555555556 0.7777777777777778 0.5555555555555556 
0.4444444444444444 0.5555555555555556 0.7777777777777778 0.5555555555555556 0.5555555555555556 0.5555555555555556 0.5555555555555556 0.6666666666666666 0.7777777777777778 1 0.7777777777777778 0.5 0.5555555555555556 0.7777777777777778 0.5555555555555556 0.3333333333333333 0.5555555555555556 0.5555555555555556 0.7777777777777778 0.5555555555555556 0.7777777777777778 0.4444444444444444 0.7777777777777778 0.5555555555555556 
0.2222222222222222 0.7777777777777778 0.5555555555555556 0.7777777777777778 0.4444444444444444 0.7777777777777778 0.3333333333333333 0.4444444444444444 0.4444444444444444 0.7777777777777778 1 0.7 0.7777777777777778 0.7777777777777778 0.7777777777777778 0.5555555555555556 0.4444444444444444 0.7777777777777778 0.7777777777777778 0.4444444444444444 0.7777777777777778 0.6666666666666666 0.4444444444444444 0.7777777777777778 
0.2222222222222222 0.7777777777777778 0.8 0.7777777777777778 0.7 0.7 0.5555555555555556 0.5555555555555556 0.5555555555555556 0.5555555555555556 0.7777777777777778 1 0.4 0.7 0.7 0.7 0.7 0.6 0.4 0.6 0.7 0.5 0.7 0.7 
0.2222222222222222 0.6666666666666666 0.5555555555555556 0.7777777777777778 0.4444444444444444 0.7777777777777778 0.3333333333333333 0.4444444444444444 0.4444444444444444 0.5555555555555556 0.7777777777777778 0.5555555555555556 1 0.4444444444444444 0.7777777777777778 0.7777777777777778 0.4444444444444444 0.7777777777777778 0.7777777777777778 0.4444444444444444 0.5555555555555556 0.7777777777777778 0.4444444444444444 0.7777777777777778 
0.2222222222222222 0.3333333333333333 0.5555555555555556 0.5555555555555556 0.7777777777777778 0.7777777777777778 0.5555555555555556 0.5555555555555556 0.5555555555555556 0.7777777777777778 0.7777777777777778 0.7777777777777778 0.4444444444444444 1 0.6666666666666666 0.4444444444444444 0.7777777777777778 0.6666666666666666 0.4444444444444444 0.6666666666666666 0.5555555555555556 0.6666666666666666 0.7777777777777778 0.7777777777777778 
0.2222222222222222 0.7777777777777778 0.5555555555555556 0.7777777777777778 0.4444444444444444 0.7777777777777778 0.3333333333333333 0.4444444444444444 0.4444444444444444 0.5555555555555556 0.7777777777777778 0.7777777777777778 0.7777777777777778 0.6666666666666666 1 0.7777777777777778 0.4444444444444444 0.7777777777777778 0.7777777777777778 0.6666666666666666 0.7777777777777778 0.7777777777777778 0.4444444444444444 0.7777777777777778 
0.1111111111111111 0.5555555555555556 0.5555555555555556 0.7777777777777778 0.6666666666666666 0.7777777777777778 0.3333333333333333 0.3333333333333333 0.3333333333333333 0.3333333333333333 0.5555555555555556 0.7777777777777778 0.7777777777777778 0.4444444444444444 0.7777777777777778 1 0.5555555555555556 0.7777777777777778 0.5555555555555556 0.4444444444444444 0.5555555555555556 0.5555555555555556 0.4444444444444444 0.6666666666666666 
0.2222222222222222 0.5555555555555556 0.5555555555555556 0.5555555555555556 0.7777777777777778 0.7777777777777778 0.7777777777777778 0.5555555555555556 0.5555555555555556 0.5555555555555556 0.5555555555555556 0.7777777777777778 0.4444444444444444 0.7777777777777778 0.5555555555555556 0.5555555555555556 1 0.4444444444444444 0.4444444444444444 0.7777777777777778 0.5555555555555556 0.5555555555555556 0.7777777777777778 0.6666666666666666 
0.2222222222222222 0.6666666666666666 0.5555555555555556 0.5555555555555556 0.4444444444444444 0.7777777777777778 0.3333333333333333 0.4444444444444444 0.4444444444444444 0.5555555555555556 0.7777777777777778 0.6666666666666666 0.7777777777777778 0.6666666666666666 0.6666666666666666 0.7777777777777778 0.4444444444444444 1 0.7777777777777778 0.6666666666666666 0.5555555555555556 0.7777777777777778 0.4444444444444444 0.7777777777777778 
0.4444444444444444 0.4444444444444444 0.7777777777777778 0.5555555555555556 0.4444444444444444 0.7777777777777778 0.5555555555555556 0.6666666666666666 0.7777777777777778 0.7777777777777778 0.7777777777777778 0.5555555555555556 0.7777777777777778 0.4444444444444444 0.7777777777777778 0.5555555555555556 0.4444444444444444 0.7777777777777778 1 0.4444444444444444 0.7777777777777778 0.7777777777777778 0.6666666666666666 0.7777777777777778 
0.2222222222222222 0.3333333333333333 0.5555555555555556 0.5555555555555556 0.7777777777777778 0.7777777777777778 0.5555555555555556 0.5555555555555556 0.5555555555555556 0.5555555555555556 0.5555555555555556 0.7777777777777778 0.4444444444444444 0.7777777777777778 0.6666666666666666 0.4444444444444444 0.7777777777777778 0.6666666666666666 0.4444444444444444 1 0.5555555555555556 0.5555555555555556 0.7777777777777778 0.7777777777777778 
0.4444444444444444 0.7777777777777778 0.7777777777777778 0.7777777777777778 0.5555555555555556 0.5555555555555556 0.5555555555555556 0.4444444444444444 0.7777777777777778 0.7777777777777778 0.7777777777777778 0.7777777777777778 0.5555555555555556 0.5555555555555556 0.7777777777777778 0.5555555555555556 0.5555555555555556 0.5555555555555556 0.7777777777777778 0.3333333333333333 1 0.5555555555555556 0.7777777777777778 0.5555555555555556 
0.2222222222222222 0.4444444444444444 0.5555555555555556 0.5555555555555556 0.4444444444444444 0.7777777777777778 0.3333333333333333 0.4444444444444444 0.4444444444444444 0.4444444444444444 0.6666666666666666 0.5555555555555556 0.7777777777777778 0.6666666666666666 0.7777777777777778 0.5555555555555556 0.4444444444444444 0.7777777777777778 0.7777777777777778 0.4444444444444444 0.5555555555555556 1 0.4444444444444444 0.7777777777777778 
0.4444444444444444 0.5555555555555556 0.7777777777777778 0.5555555555555556 0.7777777777777778 0.7777777777777778 0.7777777777777778 0.4444444444444444 0.7777777777777778 0.7777777777777778 0.5555555555555556 0.7777777777777778 0.4444444444444444 0.7777777777777778 0.5555555555555556 0.4444444444444444 0.7777777777777778 0.4444444444444444 0.6666666666666666 0.7777777777777778 0.7777777777777778 0.5555555555555556 1 0.7777777777777778 
0.2222222222222222 0.4444444444444444 0.5555555555555556 0.5555555555555556 0.7777777777777778 0.7777777777777778 0.5555555555555556 0.4444444444444444 0.4444444444444444 0.5555555555555556 0.7777777777777778 0.7777777777777778 0.7777777777777778 0.7777777777777778 0.7777777777777778 0.6666666666666666 0.7777777777777778 0.7777777777777778 0.7777777777777778 0.7777777777777778 0.5555555555555556 0.7777777777777778 0.7777777777777778 1 
