1.0 0.44642857142857145 0.44642857142857145 0.44642857142857145 0.07142857142857142 0.44642857142857145 0.44642857142857145 0.44642857142857145 0.017857142857142856 
0.44642857142857145 1.0 0.1836734693877551 0.5102040816326531 0.5102040816326531 0.5102040816326531 0.5102040816326531 0.5102040816326531 0.1836734693877551 
0.44642857142857145 0.1836734693877551 1.0 0.5102040816326531 0.02040816326530612 0.5102040816326531 0.1836734693877551 0.1836734693877551 0 
0.44642857142857145 0.5102040816326531 0.5102040816326531 1.0 0.08163265306122448 0.5102040816326531 0.5102040816326531 0.5102040816326531 0.02040816326530612 
0.16071428571428573 0.5102040816326531 0.02040816326530612 0.08163265306122448 1.0 0.1836734693877551 0.5102040816326531 0.08163265306122448 0.5102040816326531 
0.44642857142857145 0.32653061224489793 0.5102040816326531 0.5102040816326531 0.08163265306122448 1.0 0.5102040816326531 0.5102040816326531 0.02040816326530612 
0.44642857142857145 0.5102040816326531 0.1836734693877551 0.5102040816326531 0.5102040816326531 0.5102040816326531 1.0 0.5102040816326531 0.1836734693877551 
0.44642857142857145 0.5102040816326531 0.1836734693877551 0.5102040816326531 0.08163265306122448 0.5102040816326531 0.5102040816326531 1.0 0.02040816326530612 
0.017857142857142856 0.1836734693877551 0 0.02040816326530612 0.5102040816326531 0.02040816326530612 0.1836734693877551 0.02040816326530612 1.0 
