1 0.5 0.75 0.5833333333333334 0.3333333333333333 0.5833333333333334 0.5 0.5 0.5 0.5 0.5833333333333334 0.5 0.5833333333333334 0.5 0.5 0.75 0.75 0.5 0.75 0.5 0.5 0.5833333333333334 0.5833333333333334 0.75 0.5833333333333334 0.5833333333333334 0.5 0.5 0.5 0.75 
0.5454545454545454 1 0.5454545454545454 0.45454545454545453 0.6363636363636364 0.8181818181818182 0.5833333333333334 0.8181818181818182 0.5833333333333334 0.6363636363636364 0.8181818181818182 0.8181818181818182 0.5454545454545454 0.8181818181818182 0.45454545454545453 0.5454545454545454 0.6363636363636364 0.6363636363636364 0.5454545454545454 0.8181818181818182 0.6363636363636364 0.8181818181818182 0.7272727272727273 0.45454545454545453 0.45454545454545453 0.45454545454545453 0.45454545454545453 0.5454545454545454 0.7272727272727273 0.6363636363636364 
0.8181818181818182 0.5454545454545454 1 0.6363636363636364 0.45454545454545453 0.6363636363636364 0.4166666666666667 0.7272727272727273 0.5 0.5454545454545454 0.6363636363636364 0.5454545454545454 0.6363636363636364 0.5454545454545454 0.5454545454545454 0.8181818181818182 0.8181818181818182 0.5454545454545454 0.8181818181818182 0.5454545454545454 0.45454545454545453 0.6363636363636364 0.6363636363636364 0.5454545454545454 0.7272727272727273 0.7272727272727273 0.5454545454545454 0.5454545454545454 0.5454545454545454 0.7272727272727273 
0.6363636363636364 0.45454545454545453 0.6363636363636364 1 0.5454545454545454 0.8181818181818182 0.5 0.6363636363636364 0.5833333333333334 0.8181818181818182 0.7272727272727273 0.6363636363636364 0.6363636363636364 0.6363636363636364 0.45454545454545453 0.6363636363636364 0.8181818181818182 0.6363636363636364 0.6363636363636364 0.45454545454545453 0.7272727272727273 0.6363636363636364 0.6363636363636364 0.8181818181818182 0.8181818181818182 0.45454545454545453 0.45454545454545453 0.36363636363636365 0.2727272727272727 0.6363636363636364 
0.36363636363636365 0.6363636363636364 0.45454545454545453 0.5454545454545454 1 0.6363636363636364 0.75 0.5454545454545454 0.5833333333333334 0.8181818181818182 0.5454545454545454 0.8181818181818182 0.6363636363636364 0.6363636363636364 0.8181818181818182 0.5454545454545454 0.5454545454545454 0.6363636363636364 0.36363636363636365 0.8181818181818182 0.6363636363636364 0.45454545454545453 0.6363636363636364 0.45454545454545453 0.5454545454545454 0.5454545454545454 0.5454545454545454 0.6363636363636364 0.6363636363636364 0.5454545454545454 
0.6363636363636364 0.8181818181818182 0.6363636363636364 0.8181818181818182 0.6363636363636364 1 0.5833333333333334 0.45454545454545453 0.5833333333333334 0.8181818181818182 0.8181818181818182 0.8181818181818182 0.8181818181818182 0.7272727272727273 0.45454545454545453 0.8181818181818182 0.8181818181818182 0.6363636363636364 0.6363636363636364 0.8181818181818182 0.6363636363636364 0.8181818181818182 0.8181818181818182 0.45454545454545453 0.45454545454545453 0.45454545454545453 0.45454545454545453 0.5454545454545454 0.5454545454545454 0.6363636363636364 
0.5 0.6363636363636364 0.45454545454545453 0.5454545454545454 0.8181818181818182 0.6363636363636364 1 0.5 0.8333333333333334 0.75 0.5 0.75 0.5833333333333334 0.5833333333333334 0.75 0.5 0.5 0.75 0.5 0.75 0.75 0.4166666666666667 0.5833333333333334 0.5 0.6666666666666666 0.6666666666666666 0.75 0.75 0.5833333333333334 0.5 
0.5454545454545454 0.8181818181818182 0.7272727272727273 0.6363636363636364 0.5454545454545454 0.5454545454545454 0.5454545454545454 1 0.5833333333333334 0.6363636363636364 0.8181818181818182 0.6363636363636364 0.5454545454545454 0.8181818181818182 0.5454545454545454 0.7272727272727273 0.7272727272727273 0.7272727272727273 0.7272727272727273 0.7272727272727273 0.5454545454545454 0.8181818181818182 0.45454545454545453 0.5454545454545454 0.8181818181818182 0.8181818181818182 0.7272727272727273 0.5454545454545454 0.7272727272727273 0.8181818181818182 
0.5 0.6363636363636364 0.5454545454545454 0.6363636363636364 0.6363636363636364 0.6363636363636364 0.8333333333333334 0.5454545454545454 1 0.75 0.5 0.75 0.75 0.75 0.75 0.5 0.5 0.75 0.5 0.75 0.5833333333333334 0.5833333333333334 0.75 0.5 0.75 0.75 0.75 0.75 0.75 0.5 
0.5454545454545454 0.6363636363636364 0.5454545454545454 0.8181818181818182 0.8181818181818182 0.8181818181818182 0.8181818181818182 0.6363636363636364 0.8181818181818182 1 0.6363636363636364 0.8181818181818182 0.8181818181818182 0.8181818181818182 0.8181818181818182 0.7272727272727273 0.5454545454545454 0.8181818181818182 0.5454545454545454 0.8181818181818182 0.8181818181818182 0.6363636363636364 0.8181818181818182 0.7272727272727273 0.8181818181818182 0.5454545454545454 0.5454545454545454 0.7272727272727273 0.5454545454545454 0.5454545454545454 
0.6363636363636364 0.8181818181818182 0.5454545454545454 0.7272727272727273 0.5454545454545454 0.8181818181818182 0.5454545454545454 0.8181818181818182 0.6363636363636364 0.6363636363636364 1 0.8181818181818182 0.6363636363636364 0.5454545454545454 0.7272727272727273 0.8181818181818182 0.45454545454545453 0.6363636363636364 0.5454545454545454 0.8181818181818182 0.7272727272727273 0.6363636363636364 0.6363636363636364 0.6363636363636364 0.8181818181818182 0.7272727272727273 0.7272727272727273 0.5454545454545454 0.5454545454545454 0.8181818181818182 
0.5454545454545454 0.8181818181818182 0.5454545454545454 0.6363636363636364 0.8181818181818182 0.8181818181818182 0.8181818181818182 0.6363636363636364 0.8181818181818182 0.8181818181818182 0.8181818181818182 1 0.8181818181818182 0.8181818181818182 0.6363636363636364 0.6363636363636364 0.5454545454545454 0.8181818181818182 0.5454545454545454 0.8181818181818182 0.8181818181818182 0.6363636363636364 0.8181818181818182 0.6363636363636364 0.8181818181818182 0.45454545454545453 0.5454545454545454 0.6363636363636364 0.5454545454545454 0.5454545454545454 
0.6363636363636364 0.5454545454545454 0.6363636363636364 0.6363636363636364 0.6363636363636364 0.8181818181818182 0.6363636363636364 0.45454545454545453 0.8181818181818182 0.8181818181818182 0.6363636363636364 0.8181818181818182 1 0.6363636363636364 0.5454545454545454 0.8181818181818182 0.8181818181818182 0.8181818181818182 0.6363636363636364 0.5454545454545454 0.6363636363636364 0.8181818181818182 0.8181818181818182 0.5454545454545454 0.8181818181818182 0.5454545454545454 0.5454545454545454 0.8181818181818182 0.45454545454545453 0.5454545454545454 
0.5454545454545454 0.8181818181818182 0.5454545454545454 0.6363636363636364 0.6363636363636364 0.7272727272727273 0.6363636363636364 0.7272727272727273 0.8181818181818182 0.8181818181818182 0.5454545454545454 0.8181818181818182 0.6363636363636364 1 0.8181818181818182 0.7272727272727273 0.5454545454545454 0.8181818181818182 0.7272727272727273 0.8181818181818182 0.6363636363636364 0.8181818181818182 0.8181818181818182 0.5454545454545454 0.8181818181818182 0.8181818181818182 0.8181818181818182 0.8181818181818182 0.7272727272727273 0.5454545454545454 
0.5454545454545454 0.6363636363636364 0.5454545454545454 0.45454545454545453 0.8181818181818182 0.6363636363636364 0.8181818181818182 0.5454545454545454 0.8181818181818182 0.8181818181818182 0.7272727272727273 0.6363636363636364 0.6363636363636364 0.8181818181818182 1 0.5454545454545454 0.5454545454545454 0.6363636363636364 0.5454545454545454 0.8181818181818182 0.8181818181818182 0.6363636363636364 0.8181818181818182 0.6363636363636364 0.5454545454545454 0.7272727272727273 0.7272727272727273 0.8181818181818182 0.8181818181818182 0.5454545454545454 
0.8181818181818182 0.5454545454545454 0.8181818181818182 0.6363636363636364 0.5454545454545454 0.8181818181818182 0.5454545454545454 0.7272727272727273 0.6363636363636364 0.7272727272727273 0.8181818181818182 0.6363636363636364 0.8181818181818182 0.7272727272727273 0.5454545454545454 1 0.8181818181818182 0.6363636363636364 0.8181818181818182 0.5454545454545454 0.5454545454545454 0.8181818181818182 0.8181818181818182 0.7272727272727273 0.8181818181818182 0.8181818181818182 0.5454545454545454 0.7272727272727273 0.7272727272727273 0.8181818181818182 
0.8181818181818182 0.6363636363636364 0.8181818181818182 0.8181818181818182 0.5454545454545454 0.8181818181818182 0.5454545454545454 0.7272727272727273 0.6363636363636364 0.6363636363636364 0.6363636363636364 0.6363636363636364 0.8181818181818182 0.5454545454545454 0.5454545454545454 0.8181818181818182 1 0.7272727272727273 0.8181818181818182 0.7272727272727273 0.5454545454545454 0.8181818181818182 0.8181818181818182 0.8181818181818182 0.8181818181818182 0.45454545454545453 0.7272727272727273 0.5454545454545454 0.45454545454545453 0.7272727272727273 
0.5454545454545454 0.6363636363636364 0.5454545454545454 0.6363636363636364 0.6363636363636364 0.6363636363636364 0.8181818181818182 0.7272727272727273 0.8181818181818182 0.8181818181818182 0.45454545454545453 0.8181818181818182 0.8181818181818182 0.8181818181818182 0.5454545454545454 0.6363636363636364 0.7272727272727273 1 0.5454545454545454 0.7272727272727273 0.8181818181818182 0.6363636363636364 0.8181818181818182 0.5454545454545454 0.8181818181818182 0.45454545454545453 0.7272727272727273 0.8181818181818182 0.5454545454545454 0.7272727272727273 
0.8181818181818182 0.5454545454545454 0.8181818181818182 0.6363636363636364 0.36363636363636365 0.5454545454545454 0.5454545454545454 0.7272727272727273 0.5454545454545454 0.5454545454545454 0.5454545454545454 0.45454545454545453 0.5454545454545454 0.7272727272727273 0.5454545454545454 0.7272727272727273 0.8181818181818182 0.45454545454545453 1 0.5454545454545454 0.5454545454545454 0.5454545454545454 0.7272727272727273 0.8181818181818182 0.5454545454545454 0.5454545454545454 0.7272727272727273 0.7272727272727273 0.7272727272727273 0.7272727272727273 
0.5454545454545454 0.8181818181818182 0.5454545454545454 0.45454545454545453 0.8181818181818182 0.8181818181818182 0.8181818181818182 0.7272727272727273 0.8181818181818182 0.8181818181818182 0.8181818181818182 0.8181818181818182 0.6363636363636364 0.8181818181818182 0.8181818181818182 0.5454545454545454 0.7272727272727273 0.7272727272727273 0.5454545454545454 1 0.8181818181818182 0.6363636363636364 0.8181818181818182 0.5454545454545454 0.6363636363636364 0.8181818181818182 0.7272727272727273 0.8181818181818182 0.8181818181818182 0.7272727272727273 
0.5454545454545454 0.6363636363636364 0.45454545454545453 0.7272727272727273 0.8181818181818182 0.6363636363636364 0.8181818181818182 0.5454545454545454 0.6363636363636364 0.8181818181818182 0.7272727272727273 0.8181818181818182 0.6363636363636364 0.6363636363636364 0.8181818181818182 0.5454545454545454 0.5454545454545454 0.8181818181818182 0.5454545454545454 0.8181818181818182 1 0.45454545454545453 0.6363636363636364 0.7272727272727273 0.5454545454545454 0.5454545454545454 0.8181818181818182 0.8181818181818182 0.6363636363636364 0.7272727272727273 
0.5454545454545454 0.8181818181818182 0.5454545454545454 0.6363636363636364 0.45454545454545453 0.8181818181818182 0.45454545454545453 0.8181818181818182 0.6363636363636364 0.6363636363636364 0.6363636363636364 0.6363636363636364 0.8181818181818182 0.8181818181818182 0.6363636363636364 0.8181818181818182 0.8181818181818182 0.6363636363636364 0.5454545454545454 0.6363636363636364 0.45454545454545453 1 0.8181818181818182 0.6363636363636364 0.6363636363636364 0.6363636363636364 0.6363636363636364 0.6363636363636364 0.45454545454545453 0.6363636363636364 
0.6363636363636364 0.7272727272727273 0.6363636363636364 0.6363636363636364 0.6363636363636364 0.8181818181818182 0.6363636363636364 0.45454545454545453 0.8181818181818182 0.8181818181818182 0.5454545454545454 0.8181818181818182 0.8181818181818182 0.8181818181818182 0.8181818181818182 0.8181818181818182 0.8181818181818182 0.8181818181818182 0.7272727272727273 0.8181818181818182 0.6363636363636364 0.8181818181818182 1 0.5454545454545454 0.8181818181818182 0.8181818181818182 0.8181818181818182 0.8181818181818182 0.7272727272727273 0.5454545454545454 
0.8181818181818182 0.45454545454545453 0.5454545454545454 0.8181818181818182 0.45454545454545453 0.45454545454545453 0.5454545454545454 0.6363636363636364 0.5454545454545454 0.7272727272727273 0.6363636363636364 0.6363636363636364 0.6363636363636364 0.5454545454545454 0.6363636363636364 0.7272727272727273 0.8181818181818182 0.6363636363636364 0.8181818181818182 0.5454545454545454 0.7272727272727273 0.6363636363636364 0.5454545454545454 1 0.8181818181818182 0.45454545454545453 0.5454545454545454 0.7272727272727273 0.5454545454545454 0.8181818181818182 
0.5454545454545454 0.6363636363636364 0.7272727272727273 0.8181818181818182 0.6363636363636364 0.6363636363636364 0.7272727272727273 0.8181818181818182 0.8181818181818182 0.8181818181818182 0.8181818181818182 0.8181818181818182 0.8181818181818182 0.8181818181818182 0.5454545454545454 0.8181818181818182 0.8181818181818182 0.8181818181818182 0.5454545454545454 0.6363636363636364 0.45454545454545453 0.6363636363636364 0.8181818181818182 0.8181818181818182 1 0.7272727272727273 0.5454545454545454 0.8181818181818182 0.5454545454545454 0.8181818181818182 
0.5454545454545454 0.6363636363636364 0.7272727272727273 0.6363636363636364 0.6363636363636364 0.6363636363636364 0.7272727272727273 0.8181818181818182 0.8181818181818182 0.6363636363636364 0.8181818181818182 0.6363636363636364 0.6363636363636364 0.8181818181818182 0.8181818181818182 0.8181818181818182 0.5454545454545454 0.6363636363636364 0.5454545454545454 0.8181818181818182 0.45454545454545453 0.6363636363636364 0.8181818181818182 0.5454545454545454 0.8181818181818182 1 0.7272727272727273 0.8181818181818182 0.8181818181818182 0.8181818181818182 
0.5454545454545454 0.6363636363636364 0.5454545454545454 0.45454545454545453 0.6363636363636364 0.6363636363636364 0.8181818181818182 0.7272727272727273 0.8181818181818182 0.6363636363636364 0.7272727272727273 0.6363636363636364 0.6363636363636364 0.8181818181818182 0.8181818181818182 0.5454545454545454 0.7272727272727273 0.7272727272727273 0.7272727272727273 0.8181818181818182 0.8181818181818182 0.6363636363636364 0.8181818181818182 0.5454545454545454 0.5454545454545454 0.7272727272727273 1 0.8181818181818182 0.8181818181818182 0.7272727272727273 
0.5454545454545454 0.6363636363636364 0.5454545454545454 0.6363636363636364 0.6363636363636364 0.6363636363636364 0.8181818181818182 0.5454545454545454 0.8181818181818182 0.8181818181818182 0.5454545454545454 0.8181818181818182 0.8181818181818182 0.8181818181818182 0.8181818181818182 0.7272727272727273 0.5454545454545454 0.8181818181818182 0.7272727272727273 0.8181818181818182 0.8181818181818182 0.6363636363636364 0.8181818181818182 0.7272727272727273 0.8181818181818182 0.8181818181818182 0.7272727272727273 1 0.8181818181818182 0.7272727272727273 
0.5454545454545454 0.7272727272727273 0.5454545454545454 0.45454545454545453 0.6363636363636364 0.5454545454545454 0.6363636363636364 0.7272727272727273 0.8181818181818182 0.6363636363636364 0.5454545454545454 0.6363636363636364 0.5454545454545454 0.7272727272727273 0.8181818181818182 0.7272727272727273 0.5454545454545454 0.6363636363636364 0.7272727272727273 0.8181818181818182 0.6363636363636364 0.5454545454545454 0.7272727272727273 0.5454545454545454 0.5454545454545454 0.8181818181818182 0.8181818181818182 0.8181818181818182 1 0.5454545454545454 
0.8181818181818182 0.6363636363636364 0.7272727272727273 0.6363636363636364 0.5454545454545454 0.6363636363636364 0.5454545454545454 0.8181818181818182 0.6363636363636364 0.6363636363636364 0.8181818181818182 0.6363636363636364 0.6363636363636364 0.5454545454545454 0.5454545454545454 0.8181818181818182 0.7272727272727273 0.7272727272727273 0.7272727272727273 0.7272727272727273 0.7272727272727273 0.6363636363636364 0.5454545454545454 0.8181818181818182 0.8181818181818182 0.7272727272727273 0.7272727272727273 0.7272727272727273 0.5454545454545454 1 
