1.0 0.2727272727272727 0.6136363636363636 0.3712121212121212 0.12121212121212122 0.3712121212121212 0.25 0.2727272727272727 0.25 0.2727272727272727 0.3712121212121212 0.2727272727272727 0.3712121212121212 0.2727272727272727 0.2727272727272727 0.6136363636363636 0.6136363636363636 0.2727272727272727 0.6136363636363636 0.2727272727272727 0.2727272727272727 0.3712121212121212 0.3712121212121212 0.6136363636363636 0.3712121212121212 0.3712121212121212 0.2727272727272727 0.2727272727272727 0.2727272727272727 0.6136363636363636 
0.2727272727272727 1.0 0.2975206611570248 0.2066115702479339 0.4049586776859504 0.6694214876033058 0.3712121212121212 0.6694214876033058 0.3712121212121212 0.4049586776859504 0.6694214876033058 0.6694214876033058 0.2975206611570248 0.6694214876033058 0.2066115702479339 0.2975206611570248 0.4049586776859504 0.4049586776859504 0.2975206611570248 0.6694214876033058 0.4049586776859504 0.6694214876033058 0.5289256198347108 0.2066115702479339 0.2066115702479339 0.2066115702479339 0.2066115702479339 0.2975206611570248 0.5289256198347108 0.4049586776859504 
0.6136363636363636 0.2975206611570248 1.0 0.4049586776859504 0.2066115702479339 0.4049586776859504 0.1893939393939394 0.5289256198347108 0.2727272727272727 0.2975206611570248 0.4049586776859504 0.2975206611570248 0.4049586776859504 0.2975206611570248 0.2975206611570248 0.6694214876033058 0.6694214876033058 0.2975206611570248 0.6694214876033058 0.2975206611570248 0.2066115702479339 0.4049586776859504 0.4049586776859504 0.2975206611570248 0.5289256198347108 0.5289256198347108 0.2975206611570248 0.2975206611570248 0.2975206611570248 0.5289256198347108 
0.3712121212121212 0.2066115702479339 0.4049586776859504 1.0 0.2975206611570248 0.6694214876033058 0.2727272727272727 0.4049586776859504 0.3712121212121212 0.6694214876033058 0.5289256198347108 0.4049586776859504 0.4049586776859504 0.4049586776859504 0.2066115702479339 0.4049586776859504 0.6694214876033058 0.4049586776859504 0.4049586776859504 0.2066115702479339 0.5289256198347108 0.4049586776859504 0.4049586776859504 0.6694214876033058 0.6694214876033058 0.2066115702479339 0.2066115702479339 0.1322314049586777 0.0743801652892562 0.4049586776859504 
0.12121212121212122 0.4049586776859504 0.2066115702479339 0.2975206611570248 1.0 0.4049586776859504 0.6136363636363636 0.2975206611570248 0.3712121212121212 0.6694214876033058 0.2975206611570248 0.6694214876033058 0.4049586776859504 0.4049586776859504 0.6694214876033058 0.2975206611570248 0.2975206611570248 0.4049586776859504 0.1322314049586777 0.6694214876033058 0.4049586776859504 0.2066115702479339 0.4049586776859504 0.2066115702479339 0.2975206611570248 0.2975206611570248 0.2975206611570248 0.4049586776859504 0.4049586776859504 0.2975206611570248 
0.3712121212121212 0.6694214876033058 0.4049586776859504 0.6694214876033058 0.4049586776859504 1.0 0.3712121212121212 0.2066115702479339 0.3712121212121212 0.6694214876033058 0.6694214876033058 0.6694214876033058 0.6694214876033058 0.5289256198347108 0.2066115702479339 0.6694214876033058 0.6694214876033058 0.4049586776859504 0.4049586776859504 0.6694214876033058 0.4049586776859504 0.6694214876033058 0.6694214876033058 0.2066115702479339 0.2066115702479339 0.2066115702479339 0.2066115702479339 0.2975206611570248 0.2975206611570248 0.4049586776859504 
0.25 0.3712121212121212 0.1893939393939394 0.2727272727272727 0.6136363636363636 0.3712121212121212 1.0 0.2727272727272727 0.6944444444444444 0.6136363636363636 0.2727272727272727 0.6136363636363636 0.3712121212121212 0.3712121212121212 0.6136363636363636 0.2727272727272727 0.2727272727272727 0.6136363636363636 0.2727272727272727 0.6136363636363636 0.6136363636363636 0.1893939393939394 0.3712121212121212 0.2727272727272727 0.48484848484848486 0.48484848484848486 0.6136363636363636 0.6136363636363636 0.3712121212121212 0.2727272727272727 
0.2727272727272727 0.6694214876033058 0.5289256198347108 0.4049586776859504 0.2975206611570248 0.2975206611570248 0.2727272727272727 1.0 0.3712121212121212 0.4049586776859504 0.6694214876033058 0.4049586776859504 0.2975206611570248 0.6694214876033058 0.2975206611570248 0.5289256198347108 0.5289256198347108 0.5289256198347108 0.5289256198347108 0.5289256198347108 0.2975206611570248 0.6694214876033058 0.2066115702479339 0.2975206611570248 0.6694214876033058 0.6694214876033058 0.5289256198347108 0.2975206611570248 0.5289256198347108 0.6694214876033058 
0.25 0.3712121212121212 0.2727272727272727 0.3712121212121212 0.3712121212121212 0.3712121212121212 0.6944444444444444 0.2727272727272727 1.0 0.6136363636363636 0.2727272727272727 0.6136363636363636 0.6136363636363636 0.6136363636363636 0.6136363636363636 0.2727272727272727 0.2727272727272727 0.6136363636363636 0.2727272727272727 0.6136363636363636 0.3712121212121212 0.3712121212121212 0.6136363636363636 0.2727272727272727 0.6136363636363636 0.6136363636363636 0.6136363636363636 0.6136363636363636 0.6136363636363636 0.2727272727272727 
0.2727272727272727 0.4049586776859504 0.2975206611570248 0.6694214876033058 0.6694214876033058 0.6694214876033058 0.6136363636363636 0.4049586776859504 0.6136363636363636 1.0 0.4049586776859504 0.6694214876033058 0.6694214876033058 0.6694214876033058 0.6694214876033058 0.5289256198347108 0.2975206611570248 0.6694214876033058 0.2975206611570248 0.6694214876033058 0.6694214876033058 0.4049586776859504 0.6694214876033058 0.5289256198347108 0.6694214876033058 0.2975206611570248 0.2975206611570248 0.5289256198347108 0.2975206611570248 0.2975206611570248 
0.3712121212121212 0.6694214876033058 0.2975206611570248 0.5289256198347108 0.2975206611570248 0.6694214876033058 0.2727272727272727 0.6694214876033058 0.3712121212121212 0.4049586776859504 1.0 0.6694214876033058 0.4049586776859504 0.2975206611570248 0.5289256198347108 0.6694214876033058 0.2066115702479339 0.4049586776859504 0.2975206611570248 0.6694214876033058 0.5289256198347108 0.4049586776859504 0.4049586776859504 0.4049586776859504 0.6694214876033058 0.5289256198347108 0.5289256198347108 0.2975206611570248 0.2975206611570248 0.6694214876033058 
0.2727272727272727 0.6694214876033058 0.2975206611570248 0.4049586776859504 0.6694214876033058 0.6694214876033058 0.6136363636363636 0.4049586776859504 0.6136363636363636 0.6694214876033058 0.6694214876033058 1.0 0.6694214876033058 0.6694214876033058 0.4049586776859504 0.4049586776859504 0.2975206611570248 0.6694214876033058 0.2975206611570248 0.6694214876033058 0.6694214876033058 0.4049586776859504 0.6694214876033058 0.4049586776859504 0.6694214876033058 0.2066115702479339 0.2975206611570248 0.4049586776859504 0.2975206611570248 0.2975206611570248 
0.3712121212121212 0.2975206611570248 0.4049586776859504 0.4049586776859504 0.4049586776859504 0.6694214876033058 0.3712121212121212 0.2066115702479339 0.6136363636363636 0.6694214876033058 0.4049586776859504 0.6694214876033058 1.0 0.4049586776859504 0.2975206611570248 0.6694214876033058 0.6694214876033058 0.6694214876033058 0.4049586776859504 0.2975206611570248 0.4049586776859504 0.6694214876033058 0.6694214876033058 0.2975206611570248 0.6694214876033058 0.2975206611570248 0.2975206611570248 0.6694214876033058 0.2066115702479339 0.2975206611570248 
0.2727272727272727 0.6694214876033058 0.2975206611570248 0.4049586776859504 0.4049586776859504 0.5289256198347108 0.3712121212121212 0.5289256198347108 0.6136363636363636 0.6694214876033058 0.2975206611570248 0.6694214876033058 0.4049586776859504 1.0 0.6694214876033058 0.5289256198347108 0.2975206611570248 0.6694214876033058 0.5289256198347108 0.6694214876033058 0.4049586776859504 0.6694214876033058 0.6694214876033058 0.2975206611570248 0.6694214876033058 0.6694214876033058 0.6694214876033058 0.6694214876033058 0.5289256198347108 0.2975206611570248 
0.2727272727272727 0.4049586776859504 0.2975206611570248 0.2066115702479339 0.6694214876033058 0.4049586776859504 0.6136363636363636 0.2975206611570248 0.6136363636363636 0.6694214876033058 0.5289256198347108 0.4049586776859504 0.4049586776859504 0.6694214876033058 1.0 0.2975206611570248 0.2975206611570248 0.4049586776859504 0.2975206611570248 0.6694214876033058 0.6694214876033058 0.4049586776859504 0.6694214876033058 0.4049586776859504 0.2975206611570248 0.5289256198347108 0.5289256198347108 0.6694214876033058 0.6694214876033058 0.2975206611570248 
0.6136363636363636 0.2975206611570248 0.6694214876033058 0.4049586776859504 0.2975206611570248 0.6694214876033058 0.2727272727272727 0.5289256198347108 0.3712121212121212 0.5289256198347108 0.6694214876033058 0.4049586776859504 0.6694214876033058 0.5289256198347108 0.2975206611570248 1.0 0.6694214876033058 0.4049586776859504 0.6694214876033058 0.2975206611570248 0.2975206611570248 0.6694214876033058 0.6694214876033058 0.5289256198347108 0.6694214876033058 0.6694214876033058 0.2975206611570248 0.5289256198347108 0.5289256198347108 0.6694214876033058 
0.6136363636363636 0.4049586776859504 0.6694214876033058 0.6694214876033058 0.2975206611570248 0.6694214876033058 0.2727272727272727 0.5289256198347108 0.3712121212121212 0.4049586776859504 0.4049586776859504 0.4049586776859504 0.6694214876033058 0.2975206611570248 0.2975206611570248 0.6694214876033058 1.0 0.5289256198347108 0.6694214876033058 0.5289256198347108 0.2975206611570248 0.6694214876033058 0.6694214876033058 0.6694214876033058 0.6694214876033058 0.2066115702479339 0.5289256198347108 0.2975206611570248 0.2066115702479339 0.5289256198347108 
0.2727272727272727 0.4049586776859504 0.2975206611570248 0.4049586776859504 0.4049586776859504 0.4049586776859504 0.6136363636363636 0.5289256198347108 0.6136363636363636 0.6694214876033058 0.2066115702479339 0.6694214876033058 0.6694214876033058 0.6694214876033058 0.2975206611570248 0.4049586776859504 0.5289256198347108 1.0 0.2975206611570248 0.5289256198347108 0.6694214876033058 0.4049586776859504 0.6694214876033058 0.2975206611570248 0.6694214876033058 0.2066115702479339 0.5289256198347108 0.6694214876033058 0.2975206611570248 0.5289256198347108 
0.6136363636363636 0.2975206611570248 0.6694214876033058 0.4049586776859504 0.1322314049586777 0.2975206611570248 0.2727272727272727 0.5289256198347108 0.2727272727272727 0.2975206611570248 0.2975206611570248 0.2066115702479339 0.2975206611570248 0.5289256198347108 0.2975206611570248 0.5289256198347108 0.6694214876033058 0.2066115702479339 1.0 0.2975206611570248 0.2975206611570248 0.2975206611570248 0.5289256198347108 0.6694214876033058 0.2975206611570248 0.2975206611570248 0.5289256198347108 0.5289256198347108 0.5289256198347108 0.5289256198347108 
0.2727272727272727 0.6694214876033058 0.2975206611570248 0.2066115702479339 0.6694214876033058 0.6694214876033058 0.6136363636363636 0.5289256198347108 0.6136363636363636 0.6694214876033058 0.6694214876033058 0.6694214876033058 0.4049586776859504 0.6694214876033058 0.6694214876033058 0.2975206611570248 0.5289256198347108 0.5289256198347108 0.2975206611570248 1.0 0.6694214876033058 0.4049586776859504 0.6694214876033058 0.2975206611570248 0.4049586776859504 0.6694214876033058 0.5289256198347108 0.6694214876033058 0.6694214876033058 0.5289256198347108 
0.2727272727272727 0.4049586776859504 0.2066115702479339 0.5289256198347108 0.6694214876033058 0.4049586776859504 0.6136363636363636 0.2975206611570248 0.3712121212121212 0.6694214876033058 0.5289256198347108 0.6694214876033058 0.4049586776859504 0.4049586776859504 0.6694214876033058 0.2975206611570248 0.2975206611570248 0.6694214876033058 0.2975206611570248 0.6694214876033058 1.0 0.2066115702479339 0.4049586776859504 0.5289256198347108 0.2975206611570248 0.2975206611570248 0.6694214876033058 0.6694214876033058 0.4049586776859504 0.5289256198347108 
0.2727272727272727 0.6694214876033058 0.2975206611570248 0.4049586776859504 0.2066115702479339 0.6694214876033058 0.1893939393939394 0.6694214876033058 0.3712121212121212 0.4049586776859504 0.4049586776859504 0.4049586776859504 0.6694214876033058 0.6694214876033058 0.4049586776859504 0.6694214876033058 0.6694214876033058 0.4049586776859504 0.2975206611570248 0.4049586776859504 0.2066115702479339 1.0 0.6694214876033058 0.4049586776859504 0.4049586776859504 0.4049586776859504 0.4049586776859504 0.4049586776859504 0.2066115702479339 0.4049586776859504 
0.3712121212121212 0.5289256198347108 0.4049586776859504 0.4049586776859504 0.4049586776859504 0.6694214876033058 0.3712121212121212 0.2066115702479339 0.6136363636363636 0.6694214876033058 0.2975206611570248 0.6694214876033058 0.6694214876033058 0.6694214876033058 0.6694214876033058 0.6694214876033058 0.6694214876033058 0.6694214876033058 0.5289256198347108 0.6694214876033058 0.4049586776859504 0.6694214876033058 1.0 0.2975206611570248 0.6694214876033058 0.6694214876033058 0.6694214876033058 0.6694214876033058 0.5289256198347108 0.2975206611570248 
0.6136363636363636 0.2066115702479339 0.2975206611570248 0.6694214876033058 0.2066115702479339 0.2066115702479339 0.2727272727272727 0.4049586776859504 0.2727272727272727 0.5289256198347108 0.4049586776859504 0.4049586776859504 0.4049586776859504 0.2975206611570248 0.4049586776859504 0.5289256198347108 0.6694214876033058 0.4049586776859504 0.6694214876033058 0.2975206611570248 0.5289256198347108 0.4049586776859504 0.2975206611570248 1.0 0.6694214876033058 0.2066115702479339 0.2975206611570248 0.5289256198347108 0.2975206611570248 0.6694214876033058 
0.2727272727272727 0.4049586776859504 0.5289256198347108 0.6694214876033058 0.4049586776859504 0.4049586776859504 0.48484848484848486 0.6694214876033058 0.6136363636363636 0.6694214876033058 0.6694214876033058 0.6694214876033058 0.6694214876033058 0.6694214876033058 0.2975206611570248 0.6694214876033058 0.6694214876033058 0.6694214876033058 0.2975206611570248 0.4049586776859504 0.2066115702479339 0.4049586776859504 0.6694214876033058 0.6694214876033058 1.0 0.5289256198347108 0.2975206611570248 0.6694214876033058 0.2975206611570248 0.6694214876033058 
0.2727272727272727 0.4049586776859504 0.5289256198347108 0.4049586776859504 0.4049586776859504 0.4049586776859504 0.48484848484848486 0.6694214876033058 0.6136363636363636 0.4049586776859504 0.6694214876033058 0.4049586776859504 0.4049586776859504 0.6694214876033058 0.6694214876033058 0.6694214876033058 0.2975206611570248 0.4049586776859504 0.2975206611570248 0.6694214876033058 0.2066115702479339 0.4049586776859504 0.6694214876033058 0.2975206611570248 0.6694214876033058 1.0 0.5289256198347108 0.6694214876033058 0.6694214876033058 0.6694214876033058 
0.2727272727272727 0.4049586776859504 0.2975206611570248 0.2066115702479339 0.4049586776859504 0.4049586776859504 0.6136363636363636 0.5289256198347108 0.6136363636363636 0.4049586776859504 0.5289256198347108 0.4049586776859504 0.4049586776859504 0.6694214876033058 0.6694214876033058 0.2975206611570248 0.5289256198347108 0.5289256198347108 0.5289256198347108 0.6694214876033058 0.6694214876033058 0.4049586776859504 0.6694214876033058 0.2975206611570248 0.2975206611570248 0.5289256198347108 1.0 0.6694214876033058 0.6694214876033058 0.5289256198347108 
0.2727272727272727 0.4049586776859504 0.2975206611570248 0.4049586776859504 0.4049586776859504 0.4049586776859504 0.6136363636363636 0.2975206611570248 0.6136363636363636 0.6694214876033058 0.2975206611570248 0.6694214876033058 0.6694214876033058 0.6694214876033058 0.6694214876033058 0.5289256198347108 0.2975206611570248 0.6694214876033058 0.5289256198347108 0.6694214876033058 0.6694214876033058 0.4049586776859504 0.6694214876033058 0.5289256198347108 0.6694214876033058 0.6694214876033058 0.5289256198347108 1.0 0.6694214876033058 0.5289256198347108 
0.2727272727272727 0.5289256198347108 0.2975206611570248 0.2066115702479339 0.4049586776859504 0.2975206611570248 0.3712121212121212 0.5289256198347108 0.6136363636363636 0.4049586776859504 0.2975206611570248 0.4049586776859504 0.2975206611570248 0.5289256198347108 0.6694214876033058 0.5289256198347108 0.2975206611570248 0.4049586776859504 0.5289256198347108 0.6694214876033058 0.4049586776859504 0.2975206611570248 0.5289256198347108 0.2975206611570248 0.2975206611570248 0.6694214876033058 0.6694214876033058 0.6694214876033058 1.0 0.2975206611570248 
0.6136363636363636 0.4049586776859504 0.5289256198347108 0.4049586776859504 0.2975206611570248 0.4049586776859504 0.2727272727272727 0.6694214876033058 0.3712121212121212 0.4049586776859504 0.6694214876033058 0.4049586776859504 0.4049586776859504 0.2975206611570248 0.2975206611570248 0.6694214876033058 0.5289256198347108 0.5289256198347108 0.5289256198347108 0.5289256198347108 0.5289256198347108 0.4049586776859504 0.2975206611570248 0.6694214876033058 0.6694214876033058 0.5289256198347108 0.5289256198347108 0.5289256198347108 0.2975206611570248 1.0 
