1.0 0.5102040816326531 0.5102040816326531 0.1836734693877551 0.02040816326530612 0.1836734693877551 
0.5102040816326531 1.0 0.5102040816326531 0.5102040816326531 0.08163265306122448 0.1836734693877551 
0.5102040816326531 0.5102040816326531 1.0 0.5102040816326531 0.1836734693877551 0.5102040816326531 
0.1836734693877551 0.5102040816326531 0.5102040816326531 1.0 0.1836734693877551 0.5102040816326531 
0.02040816326530612 0.08163265306122448 0.1836734693877551 0.1836734693877551 1.0 0.5102040816326531 
0.1836734693877551 0.1836734693877551 0.5102040816326531 0.5102040816326531 0.5102040816326531 1.0 
